1	2	43.446475	16.927686	12.572652	0.910957	0.869998	0.691853	2.635915	3.000000	61.656495	4.514266	3.000000	14.772835	0.662307	4.000000	0.014954	0.889156	6.000000	0.059485	5.274740	2.000000	78.096859	2.114206	6.000000	22.865349	4.138747	5.000000	0.016442	3.866038	1.000000	0.019458	1.970404	1.000000	0.010541
2	2	4.483142	99.654360	20.934558	0.415753	0.829384	0.262517	3.665536	3.000000	67.331563	3.967467	4.000000	63.708528	2.707670	1.000000	0.040361	1.932211	2.000000	0.017697	0.292207	5.000000	53.447402	1.324890	5.000000	16.354505	4.252188	5.000000	0.088672	5.110650	6.000000	0.010001	1.807211	1.000000	0.012319
3	1	67.181240	70.281452	52.950320	0.745068	0.640672	0.391759	3.273533	6.000000	20.173064	5.660386	2.000000	40.149739	2.467881	2.000000	0.026292	4.180873	5.000000	0.014780	4.215318	1.000000	72.480563	0.829432	5.000000	86.108063	2.788398	3.000000	0.087148	4.630644	3.000000	0.019436	3.575603	5.000000	0.025303
4	1	73.655850	29.174823	10.438800	0.797010	0.453615	0.890063	0.686657	1.000000	97.818962	1.750240	6.000000	20.404448	0.453680	4.000000	0.022142	2.350282	5.000000	0.021649	2.901938	5.000000	68.949956	1.915569	5.000000	93.522188	1.961702	4.000000	0.025801	5.175032	3.000000	0.085727	0.840350	3.000000	0.027405
5	1	88.028209	75.118987	16.081412	0.494238	0.777120	0.240902	2.007978	6.000000	2.259324	3.424220	6.000000	11.257013	3.276767	4.000000	0.016761	6.208244	2.000000	0.011303	6.087644	4.000000	50.885412	1.844892	4.000000	11.338181	4.222616	4.000000	0.015833	3.924993	1.000000	0.267655	0.827168	2.000000	0.050627
6	1	63.135725	57.877588	68.196669	0.258624	0.475275	0.332912	0.876106	5.000000	53.526951	4.366815	6.000000	34.651559	1.013545	3.000000	0.013654	1.556851	5.000000	0.081086	2.516881	6.000000	97.132119	2.488433	3.000000	14.985454	0.474675	2.000000	0.013370	5.525992	6.000000	0.018608	0.073072	3.000000	0.015712
7	1	14.045520	93.374860	80.057157	0.685942	0.512952	0.627414	5.360765	1.000000	78.406949	3.345333	5.000000	74.504216	3.722426	2.000000	0.010346	2.234779	3.000000	0.966881	0.142639	1.000000	39.678854	1.876540	2.000000	22.174047	4.521545	1.000000	0.021466	5.451906	4.000000	0.018431	3.017158	4.000000	0.011285
8	1	45.160846	22.030510	32.632945	0.198176	0.181642	0.608852	0.571719	6.000000	49.954317	1.329331	5.000000	17.466220	2.972240	1.000000	0.042474	0.992020	4.000000	0.015232	5.260767	6.000000	68.993793	2.640807	3.000000	59.990975	3.443673	2.000000	0.016688	1.550567	1.000000	0.036785	2.996385	1.000000	0.011211
9	2	3.352382	44.326466	62.135609	0.887569	0.791209	0.177215	3.417013	6.000000	93.223628	2.462077	4.000000	1.856689	3.782875	2.000000	0.021870	2.898936	1.000000	0.015441	5.077546	5.000000	87.791961	0.558899	5.000000	63.485142	4.781175	2.000000	0.011142	5.949731	2.000000	0.039853	1.224659	6.000000	0.013167
10	10	67.593257	35.150181	84.639864	0.332141	0.972948	0.317685	2.982937	2.000000	59.393542	4.247589	2.000000	71.558069	2.072198	1.000000	0.017694	0.557766	3.000000	0.053260	1.711604	6.000000	31.824017	0.418671	2.000000	70.441029	0.614324	2.000000	0.011177	3.172153	6.000000	0.013169	2.577197	5.000000	0.015486
11	1	17.062918	91.697239	47.816903	0.612404	0.785167	0.411034	5.044539	6.000000	32.686232	2.335122	5.000000	61.366353	2.915144	1.000000	0.014475	4.102425	6.000000	0.014828	2.154871	5.000000	76.699262	1.567123	2.000000	20.395177	5.954063	4.000000	0.012809	5.778029	5.000000	0.022844	2.556191	2.000000	0.028575
12	10	39.199910	73.428992	98.930536	0.527709	0.698784	0.859810	1.624958	5.000000	49.172620	1.853050	4.000000	83.884830	1.898293	3.000000	0.010739	1.394538	3.000000	0.020328	1.521645	6.000000	23.862745	0.270621	3.000000	29.374977	1.234607	2.000000	0.011270	5.205531	6.000000	0.046843	1.946350	3.000000	0.017374
13	1	90.475910	73.716793	9.327352	0.739927	0.808668	0.844186	2.273324	6.000000	14.200016	2.151594	1.000000	99.667047	2.134354	1.000000	0.020801	0.795484	4.000000	0.012478	2.656978	6.000000	11.638234	3.569354	2.000000	29.801014	4.587440	2.000000	0.047338	5.031923	5.000000	0.015369	0.907905	3.000000	0.012482
14	4	43.841126	92.718332	16.590029	0.265874	0.449558	0.657926	2.278667	3.000000	63.835666	2.791450	3.000000	17.133775	3.413392	6.000000	0.023532	1.142149	4.000000	0.024130	2.092163	3.000000	81.765519	2.922310	4.000000	9.911170	4.480557	5.000000	0.012393	0.095881	5.000000	0.014342	2.427443	1.000000	0.019149
15	2	4.848720	61.407727	10.574758	0.178645	0.422064	0.999802	2.611142	4.000000	71.247670	5.278637	6.000000	59.688489	2.779802	2.000000	0.155645	0.701704	4.000000	0.202593	0.262994	5.000000	13.415761	0.387964	6.000000	76.991153	5.969846	2.000000	0.045890	2.662403	6.000000	0.038074	2.537306	2.000000	0.022779
16	1	1.864031	58.803983	41.799257	0.321425	0.953410	0.708501	4.803515	6.000000	58.820389	5.444379	4.000000	73.956005	1.813438	2.000000	0.035580	3.362464	3.000000	0.031040	3.109472	6.000000	46.874992	2.704742	2.000000	44.113766	5.605786	1.000000	0.024094	5.315150	3.000000	0.026835	2.357402	3.000000	0.053509
17	10	91.547664	25.318872	85.088358	0.932169	0.247691	0.816063	2.203892	6.000000	85.942694	4.185302	4.000000	44.335741	1.700366	3.000000	0.506414	1.851915	5.000000	0.010121	5.783263	2.000000	17.260626	0.556347	6.000000	23.149325	0.824056	5.000000	0.017183	4.158148	3.000000	0.017479	3.498197	1.000000	0.012580
18	4	86.997762	39.288361	63.312328	0.301881	0.388080	0.474899	5.729509	2.000000	68.842367	3.568529	1.000000	54.610227	2.237518	6.000000	0.010806	3.227790	5.000000	0.015829	4.781466	4.000000	72.214652	1.256804	5.000000	35.969968	1.932820	5.000000	0.012092	0.251264	6.000000	0.013600	0.068535	4.000000	0.033794
19	1	95.832361	29.168310	82.243593	0.229784	0.420670	0.573629	3.535760	6.000000	4.727696	4.827283	3.000000	58.037356	0.413007	5.000000	0.031252	2.833811	6.000000	0.146588	3.673598	2.000000	86.870324	2.788123	6.000000	65.718747	5.490636	5.000000	0.012963	4.301095	3.000000	0.010564	1.723428	4.000000	0.030490
20	10	16.791518	30.883207	76.661679	0.105017	0.181508	0.679624	2.789667	3.000000	12.249462	4.129387	5.000000	85.982759	3.312408	3.000000	0.024625	1.946250	4.000000	0.011872	2.228643	5.000000	84.339843	0.572212	5.000000	36.860682	5.259881	1.000000	0.010376	0.535494	2.000000	0.013660	1.703646	6.000000	0.020778
21	10	5.253190	15.251152	9.941919	0.191071	0.295854	0.721914	1.742022	2.000000	19.274416	4.820410	5.000000	49.905725	3.708480	4.000000	0.030601	4.322896	4.000000	0.013164	0.967492	3.000000	59.270023	1.019108	5.000000	47.033012	3.031471	5.000000	0.013424	5.862397	1.000000	0.068687	1.751565	2.000000	0.131604
22	1	32.909456	48.771004	74.919285	0.761179	0.265601	0.380652	5.727331	1.000000	46.735437	0.998005	1.000000	43.641522	3.621521	1.000000	0.012268	0.224692	6.000000	0.015467	4.658304	2.000000	82.357210	3.053836	6.000000	28.610027	3.286301	5.000000	0.010558	2.952216	2.000000	0.011063	3.566716	2.000000	0.011686
23	1	22.084783	30.157576	80.064739	0.676986	0.904903	0.193617	5.248211	2.000000	44.586964	5.251191	2.000000	7.082427	3.529485	3.000000	0.079254	3.375565	1.000000	0.033872	1.813915	1.000000	38.637615	1.715944	6.000000	62.854510	2.401894	4.000000	0.046816	1.812908	4.000000	0.012467	1.732606	2.000000	0.014211
24	1	21.054241	55.053288	64.065544	0.347893	0.819127	0.617123	4.075496	3.000000	51.932472	2.202220	5.000000	83.481849	1.004498	3.000000	0.017316	0.358640	2.000000	0.017194	1.750935	6.000000	86.660159	3.194988	2.000000	56.062882	3.477169	6.000000	0.019144	2.487999	1.000000	0.010010	1.276222	2.000000	0.016980
25	2	20.166177	68.486751	50.869716	0.202892	0.791176	0.205498	0.684138	3.000000	85.627433	3.475867	4.000000	80.105375	1.033257	6.000000	0.013315	5.764047	1.000000	0.025330	1.076889	6.000000	12.817948	2.349241	2.000000	50.917337	1.223642	3.000000	0.094643	0.649311	4.000000	0.282467	3.056283	4.000000	0.033603
26	2	72.311113	20.995570	78.401337	0.840451	0.268120	0.126910	6.179430	2.000000	38.198591	1.833680	5.000000	3.156723	3.525107	4.000000	0.012509	0.557153	6.000000	0.012792	5.428238	6.000000	64.277612	0.980519	1.000000	54.689451	0.518384	5.000000	0.020305	1.710196	6.000000	0.021011	2.841264	4.000000	0.014276
27	1	60.687450	30.928014	1.278190	0.950911	0.547682	0.599384	0.635689	4.000000	74.550764	2.654467	6.000000	98.165204	1.006794	6.000000	0.010948	1.562801	1.000000	0.014393	0.278849	2.000000	20.231904	2.795776	5.000000	84.642195	1.098633	4.000000	0.086479	3.863261	2.000000	0.089302	0.298985	6.000000	0.010108
28	1	10.131306	72.107984	85.544991	0.507126	0.419103	0.557905	0.431645	5.000000	91.347069	3.876715	2.000000	85.531885	2.701790	2.000000	0.011805	3.434632	4.000000	0.012243	5.245585	1.000000	17.314706	0.925120	1.000000	22.199815	5.977639	4.000000	0.472435	4.677006	3.000000	0.010891	0.905861	6.000000	0.010760
29	1	88.443738	31.635170	2.199316	0.439512	0.326160	0.214354	3.006414	3.000000	89.613073	1.255335	2.000000	31.906092	3.553407	4.000000	0.010959	0.831774	2.000000	0.011056	0.456712	3.000000	43.038314	1.888031	3.000000	23.901327	2.154019	5.000000	0.015261	3.000985	3.000000	0.010247	3.581014	1.000000	0.018468
30	10	45.480777	2.873114	68.160839	0.236424	0.706074	0.185626	0.141426	6.000000	60.289931	0.228880	5.000000	60.882696	3.437654	5.000000	0.031002	4.315145	4.000000	0.026049	0.881312	2.000000	70.361643	3.217171	4.000000	92.153975	3.921574	1.000000	0.060471	3.048422	4.000000	0.026276	2.708663	2.000000	0.348808
31	10	48.788298	54.026147	45.529005	0.231953	0.371988	0.680105	2.170463	5.000000	44.493148	4.416025	2.000000	74.589785	1.129524	2.000000	0.016112	3.808926	6.000000	0.017000	5.060211	4.000000	21.948556	0.248242	4.000000	47.902915	3.050094	2.000000	0.113297	3.104554	1.000000	0.010331	2.923657	6.000000	0.185494
32	1	41.272155	26.962316	51.320489	0.142201	0.438350	0.399695	4.597605	1.000000	18.768255	2.890344	4.000000	76.557706	0.139422	5.000000	0.011956	5.011034	6.000000	0.038841	3.173763	1.000000	25.525529	2.057362	6.000000	24.411439	1.034849	6.000000	0.029642	5.309400	2.000000	0.014196	2.321412	4.000000	0.094045
33	10	46.771524	38.328264	95.995182	0.484094	0.747167	0.778977	3.713254	1.000000	89.735712	2.634202	6.000000	69.964358	2.271969	5.000000	0.441445	2.652781	1.000000	0.029727	1.542477	6.000000	20.045143	2.546868	4.000000	61.952294	3.585336	4.000000	0.034548	3.315133	2.000000	0.042840	0.862495	3.000000	0.024089
34	10	38.482907	94.729405	85.936285	0.606469	0.259163	0.296378	3.313508	2.000000	23.126270	2.462345	3.000000	16.871018	3.440166	2.000000	0.022198	5.608286	3.000000	0.010607	4.775050	6.000000	83.793518	2.227871	6.000000	61.415397	4.228677	3.000000	0.014326	5.579367	6.000000	0.014730	2.453649	2.000000	0.026626
35	1	62.090280	50.331488	61.433429	0.704479	0.456078	0.154538	0.440373	4.000000	63.966591	4.603750	6.000000	79.955313	1.327703	2.000000	0.033233	2.007725	3.000000	0.199885	0.106243	3.000000	56.152475	1.265435	4.000000	11.544988	1.024368	6.000000	0.171072	3.791204	5.000000	0.029925	1.167079	6.000000	0.013484
36	10	99.991678	62.342711	18.052761	0.994221	0.813355	0.791859	3.383009	2.000000	46.804255	3.561729	2.000000	47.723919	1.190168	1.000000	0.108836	5.579798	6.000000	0.023845	2.271428	2.000000	53.388374	2.349198	1.000000	59.979083	3.748995	4.000000	0.075105	5.269377	5.000000	0.016024	1.103482	5.000000	0.013156
37	1	59.048853	17.934211	51.797420	0.344442	0.864903	0.660169	1.296235	4.000000	83.321302	4.639769	5.000000	43.422094	2.874270	6.000000	0.017099	4.967494	3.000000	0.054212	0.706035	6.000000	6.252100	2.847367	6.000000	29.226609	5.740539	1.000000	0.010450	0.358712	4.000000	0.045652	3.460754	1.000000	0.026313
38	2	19.259851	84.677291	83.492988	0.498124	0.294758	0.128654	2.465103	2.000000	78.863780	3.701096	1.000000	3.317859	1.251071	3.000000	0.011047	3.880508	5.000000	0.022910	4.412511	3.000000	65.453790	0.587435	6.000000	42.913577	2.066657	6.000000	0.017640	0.228103	4.000000	0.028818	1.269543	6.000000	0.038715
39	1	64.204498	27.533128	33.515387	0.618243	0.686647	0.980818	0.588670	3.000000	66.451280	5.504329	1.000000	36.697736	1.711638	1.000000	0.028412	1.874884	6.000000	0.010772	0.913083	4.000000	94.668204	3.089791	2.000000	46.316447	2.788487	1.000000	0.042801	3.743596	5.000000	0.048312	3.510769	4.000000	0.010017
40	1	78.550096	64.836093	9.743156	0.387566	0.772320	0.182342	4.088493	3.000000	51.814675	2.208806	4.000000	26.912960	3.078942	4.000000	0.016803	1.371681	2.000000	0.022870	2.490521	3.000000	96.953319	3.561125	6.000000	29.207858	3.212798	4.000000	0.013723	4.590689	2.000000	0.053229	0.875896	5.000000	0.032141
41	1	44.342923	3.608224	55.933512	0.707507	0.331549	0.911833	1.146001	3.000000	89.718150	2.240455	5.000000	23.472865	1.290884	5.000000	0.477610	1.900863	1.000000	0.024502	4.798494	1.000000	49.379643	2.381010	3.000000	41.435136	0.869900	5.000000	0.012931	1.146072	2.000000	0.024143	0.692569	1.000000	0.012867
42	1	97.678137	44.257405	44.284350	0.323317	0.681385	0.987429	6.015858	4.000000	58.216187	3.984219	2.000000	77.688774	3.745827	3.000000	0.012180	0.402003	5.000000	0.075166	0.706963	6.000000	60.007322	0.491086	4.000000	94.888854	3.348104	2.000000	0.118628	0.937969	6.000000	0.017911	1.048234	4.000000	0.010692
43	10	35.553029	82.981369	37.460721	0.764697	0.663976	0.136448	5.749185	2.000000	39.342635	4.089746	2.000000	27.929272	3.687215	1.000000	0.032704	1.080286	1.000000	0.013721	3.475482	2.000000	77.667445	1.069231	2.000000	18.276971	5.013036	6.000000	0.015220	0.999441	4.000000	0.026523	3.006358	3.000000	0.027419
44	2	10.821261	68.566326	55.697826	0.432111	0.144436	0.750115	3.259519	6.000000	45.687590	1.952513	1.000000	7.295566	2.984851	3.000000	0.041197	0.379300	5.000000	0.022770	2.556271	4.000000	43.381578	3.310471	2.000000	3.859093	3.819661	5.000000	0.050921	2.859422	6.000000	0.022342	2.691696	4.000000	0.010818
45	1	29.424922	8.958245	95.513714	0.890228	0.876650	0.470657	0.913861	3.000000	17.155394	0.895724	5.000000	98.510299	1.889102	1.000000	0.031086	1.683347	3.000000	0.014852	0.236681	1.000000	14.748685	1.953109	3.000000	42.782976	2.459993	4.000000	0.010442	5.263178	3.000000	0.039983	1.865824	6.000000	0.019339
46	1	9.631923	79.500605	65.781584	0.542672	0.655834	0.823069	4.962156	5.000000	3.920456	3.554783	5.000000	78.450010	2.860848	4.000000	0.031539	1.351677	4.000000	0.035557	0.531697	1.000000	75.503865	1.651650	4.000000	34.783627	2.786716	4.000000	0.023723	3.625489	1.000000	0.096107	1.885394	3.000000	0.020587
47	10	76.575688	48.588365	66.318469	0.811442	0.350988	0.488263	1.789283	2.000000	15.236026	0.793520	3.000000	99.288833	3.448400	6.000000	0.022428	4.645432	2.000000	0.019673	4.486761	3.000000	56.669646	2.849352	2.000000	82.192774	3.050811	3.000000	0.013258	1.876380	5.000000	0.071240	3.467929	5.000000	0.014732
48	10	69.307442	83.628618	10.008491	0.663976	0.979481	0.870993	6.051726	2.000000	50.739232	1.911043	3.000000	54.251050	1.183853	6.000000	0.042397	3.678978	1.000000	0.020445	3.225310	3.000000	92.686909	0.140069	5.000000	20.657706	4.951094	2.000000	0.012314	3.315004	2.000000	0.200055	0.536013	5.000000	0.010607
49	1	19.601323	46.528372	65.613160	0.476901	0.216711	0.740916	1.107041	5.000000	80.511004	5.033517	5.000000	29.145549	0.410823	3.000000	0.010990	5.834854	3.000000	0.178124	1.655019	5.000000	31.920576	0.771620	1.000000	52.848916	1.799672	5.000000	0.975356	1.401208	2.000000	0.395812	0.724185	2.000000	0.013247
50	1	99.334214	5.154687	54.496405	0.611098	0.951353	0.986703	2.152157	1.000000	10.367723	2.988474	6.000000	57.790533	1.287130	1.000000	0.019031	5.019236	1.000000	0.016491	3.444454	3.000000	38.072456	2.487327	3.000000	23.800585	3.586882	2.000000	0.180377	2.446165	2.000000	0.011502	0.433036	4.000000	0.011884
51	10	95.379739	30.820086	16.728295	0.748821	0.128144	0.989175	1.593722	5.000000	64.328497	2.705200	4.000000	81.481471	0.320993	4.000000	0.018595	5.756021	6.000000	0.116125	0.138699	2.000000	29.726061	1.169835	6.000000	60.037655	5.771547	3.000000	0.011286	0.771967	3.000000	0.016288	3.039631	4.000000	0.010288
52	10	12.274722	68.640083	36.961864	0.977394	0.332090	0.617733	1.629245	2.000000	59.287069	2.198687	5.000000	72.465857	3.310495	6.000000	0.021699	0.472166	1.000000	0.035344	5.789095	3.000000	66.600243	2.079056	6.000000	62.004858	1.900675	3.000000	0.017794	1.845735	6.000000	0.029076	2.084015	1.000000	0.081670
53	10	95.898106	83.652863	41.345616	0.979150	0.505470	0.865300	5.856551	3.000000	31.296397	0.524242	5.000000	27.832892	0.172033	6.000000	0.128828	2.651345	5.000000	0.010683	4.024224	5.000000	24.040097	0.054509	4.000000	52.032793	0.187658	3.000000	0.016321	0.653482	3.000000	0.094666	0.080384	5.000000	0.019386
54	10	71.402409	67.495861	22.169861	0.363829	0.102557	0.395442	4.261890	4.000000	4.045176	3.843164	6.000000	49.259286	1.568474	3.000000	0.032211	3.769568	4.000000	0.018389	3.625045	5.000000	12.388478	2.164285	2.000000	79.710608	2.735111	5.000000	0.213139	0.436114	2.000000	0.067855	0.381378	1.000000	0.016952
55	1	65.209817	18.123044	44.753266	0.475754	0.903276	0.514407	3.607056	6.000000	39.347652	0.977309	4.000000	24.411461	1.052908	3.000000	0.013900	4.088572	3.000000	0.330117	4.885417	4.000000	5.068263	1.998996	2.000000	92.008234	5.626116	5.000000	0.017552	0.142222	6.000000	0.019418	0.157548	4.000000	0.047893
56	1	33.159769	90.077487	26.894956	0.768529	0.817698	0.883044	4.350061	6.000000	58.563404	2.923785	4.000000	24.672758	2.859106	1.000000	0.013091	0.813807	6.000000	0.019454	0.141490	6.000000	2.373329	3.118555	2.000000	20.583946	0.397006	5.000000	0.017488	0.859424	1.000000	0.020637	0.529153	1.000000	0.098101
57	1	82.243213	93.680248	97.326345	0.599729	0.287199	0.114225	1.621215	6.000000	24.964817	2.435398	4.000000	33.974106	1.547457	3.000000	0.101621	2.396636	1.000000	0.014600	4.954054	1.000000	42.796426	1.026891	5.000000	84.445126	5.028123	5.000000	0.027302	3.262122	3.000000	0.015930	2.803658	6.000000	0.026028
58	1	9.517218	18.238326	60.999855	0.880791	0.745452	0.502586	0.645900	2.000000	33.457659	5.239730	2.000000	2.111501	2.642188	4.000000	0.010592	3.205913	5.000000	0.035624	2.350092	1.000000	52.975570	3.419608	3.000000	88.308562	0.567302	3.000000	0.081750	1.140754	3.000000	0.011607	2.370189	2.000000	0.012369
59	10	19.767078	23.688244	97.385405	0.166770	0.970121	0.846703	1.807573	3.000000	90.716930	3.617781	3.000000	74.186940	1.682632	6.000000	0.024439	2.676126	3.000000	0.030869	1.389746	4.000000	24.453433	2.507658	5.000000	45.921208	5.775183	2.000000	0.019593	0.758206	5.000000	0.011828	3.795561	5.000000	0.029925
60	2	84.835257	88.274898	37.384986	0.551055	0.476143	0.638783	0.947997	5.000000	45.017665	5.974915	5.000000	66.879108	0.704599	2.000000	0.027434	1.316640	5.000000	0.011576	1.611743	4.000000	23.699135	0.755908	4.000000	71.184396	3.901219	5.000000	0.070727	2.440424	3.000000	0.267203	1.679424	4.000000	0.115494
61	1	29.905198	24.408251	95.713361	0.974224	0.399386	0.541304	3.475658	2.000000	72.157083	3.708173	6.000000	98.676929	1.342860	3.000000	0.025256	3.766911	6.000000	0.027448	4.831579	1.000000	66.799578	2.527445	5.000000	57.120949	0.495738	1.000000	0.050532	5.350687	6.000000	0.018169	2.802146	2.000000	0.033920
62	10	84.590864	89.014866	62.861737	0.591582	0.111126	0.869256	0.866975	2.000000	31.281677	4.978986	2.000000	34.328481	0.744352	3.000000	0.015646	0.458838	4.000000	0.011139	5.167152	4.000000	25.363141	3.632808	5.000000	38.598249	3.302238	4.000000	0.052452	5.540912	5.000000	0.010252	0.843106	4.000000	0.019253
63	1	59.617474	74.495670	51.176908	0.803838	0.879715	0.212385	6.076082	5.000000	62.998751	2.216135	1.000000	85.024245	2.302602	6.000000	0.015169	5.129098	5.000000	0.011270	3.113053	5.000000	47.696351	3.620627	5.000000	39.956999	1.431490	2.000000	0.035189	3.274634	2.000000	0.018658	3.444325	6.000000	0.028104
64	1	30.869720	29.291300	27.152031	0.857836	0.814093	0.574924	2.607373	6.000000	72.016093	2.256711	4.000000	8.605973	0.236371	6.000000	0.010781	3.515293	1.000000	0.020851	2.535008	6.000000	31.150129	0.212459	5.000000	55.891010	5.206962	1.000000	0.010018	2.301273	3.000000	0.017111	0.923213	6.000000	0.178951
65	1	49.824288	98.974583	21.018548	0.821322	0.770371	0.227842	5.302775	4.000000	88.144285	4.288446	2.000000	78.958593	2.279049	4.000000	0.018135	3.373893	4.000000	0.032213	0.081502	2.000000	8.553312	3.253461	4.000000	24.517652	3.683493	6.000000	0.047557	1.266756	1.000000	0.043071	2.130664	1.000000	0.011421
66	1	39.643349	6.390914	45.179372	0.749793	0.231118	0.498430	5.738141	6.000000	43.051047	5.992829	6.000000	60.237574	0.212201	2.000000	0.049936	5.336830	6.000000	0.014342	3.730291	2.000000	23.827594	0.613881	5.000000	95.298765	3.590238	6.000000	0.026916	5.842005	4.000000	0.024542	1.885489	4.000000	0.013442
67	10	89.919287	30.067171	94.067807	0.866607	0.193468	0.271403	1.115166	5.000000	30.140616	4.120787	6.000000	36.334432	2.167150	2.000000	0.091545	4.850337	5.000000	0.028330	3.518901	5.000000	54.228607	1.719109	3.000000	74.708897	5.280200	3.000000	0.032572	0.889122	5.000000	0.040548	1.062782	3.000000	0.038661
68	2	1.654093	80.581840	9.686076	0.581227	0.499287	0.425836	1.158252	5.000000	13.597172	5.020774	1.000000	21.632566	0.990370	2.000000	0.016151	5.300716	3.000000	0.028252	5.995740	4.000000	51.890046	2.172046	1.000000	59.438509	1.590408	3.000000	0.046354	1.133278	1.000000	0.019769	2.589663	2.000000	0.019651
69	1	14.357014	73.115065	35.607448	0.392550	0.511544	0.400002	2.317014	5.000000	60.918048	6.118042	6.000000	94.064225	0.048457	3.000000	0.018372	4.198392	1.000000	0.017760	2.416825	3.000000	51.936789	1.429739	1.000000	80.704645	1.692608	1.000000	0.017385	0.392479	6.000000	0.030942	2.094129	3.000000	0.041638
70	1	94.516044	55.173299	12.894529	0.900266	0.561996	0.938270	4.646683	4.000000	58.944434	3.441533	4.000000	24.752223	0.091580	4.000000	0.019904	0.628509	2.000000	0.020098	1.227538	4.000000	16.834697	1.892628	1.000000	25.804141	2.613183	3.000000	0.011241	3.656525	3.000000	0.039170	1.158323	4.000000	0.015813
71	10	12.776028	91.648933	33.681584	0.231115	0.557597	0.738163	2.212731	5.000000	38.117149	5.717345	3.000000	43.194558	3.389577	2.000000	0.014959	3.378124	6.000000	0.410738	4.630764	4.000000	66.596962	0.796345	6.000000	58.849999	1.001754	1.000000	0.016436	0.348100	5.000000	0.038427	2.894418	1.000000	0.029104
72	1	8.768386	22.993169	38.206566	0.457622	0.777311	0.626708	0.308805	4.000000	32.090195	3.952759	6.000000	28.175080	1.790316	2.000000	0.384977	0.896222	4.000000	0.011080	4.758711	6.000000	79.276897	3.502290	4.000000	79.019784	4.645878	1.000000	0.068293	4.678125	2.000000	0.011214	2.510155	5.000000	0.057850
73	7	17.329811	31.501638	20.818591	0.122805	0.694446	0.763406	0.612830	4.000000	39.627839	0.438989	5.000000	59.523708	0.211848	2.000000	0.024284	1.839782	1.000000	0.032573	1.571323	5.000000	92.271492	2.901730	3.000000	56.713802	0.125578	2.000000	0.011837	1.491223	6.000000	0.020293	3.305335	4.000000	0.038486
74	10	69.057282	43.342570	20.325589	0.983843	0.108983	0.922149	1.926843	2.000000	39.763593	3.106918	1.000000	58.631217	0.879697	5.000000	0.011822	3.745501	4.000000	0.010352	3.328793	2.000000	24.127292	1.748748	4.000000	64.040262	4.794460	5.000000	0.010617	0.785648	2.000000	0.028272	1.122174	2.000000	0.017508
75	1	14.494042	32.383213	88.280063	0.583813	0.173554	0.132265	4.877229	2.000000	14.691274	2.133195	6.000000	27.624428	2.970379	1.000000	0.033693	4.017041	5.000000	0.010354	1.563273	6.000000	63.605290	0.885944	5.000000	61.924796	1.338183	2.000000	0.070391	4.742983	1.000000	0.016870	3.011904	5.000000	0.045899
76	1	42.286210	99.711660	64.039111	0.710636	0.251992	0.282985	2.144804	1.000000	88.919235	1.505228	5.000000	14.337649	2.415770	4.000000	0.013466	4.594492	3.000000	0.036196	5.826473	5.000000	61.334019	2.117723	5.000000	76.656454	4.495618	2.000000	0.010485	4.796757	4.000000	0.016497	0.598223	4.000000	0.017028
77	1	4.606896	92.351369	88.158951	0.508855	0.487673	0.792805	0.639400	2.000000	98.745246	3.529731	4.000000	90.280085	0.047544	3.000000	0.013094	3.806715	6.000000	0.021487	3.672632	1.000000	76.531077	2.355354	3.000000	15.431227	2.034382	1.000000	0.029470	3.605078	3.000000	0.019596	0.723220	6.000000	0.203760
78	10	38.323499	51.892740	25.416282	0.563522	0.495215	0.162364	2.447993	4.000000	82.103057	1.276361	6.000000	8.148947	1.782885	3.000000	0.021553	2.909724	6.000000	0.101864	5.825386	3.000000	86.129096	0.841964	6.000000	27.023605	4.870045	2.000000	0.455130	1.511164	4.000000	0.017506	1.379380	3.000000	0.184842
79	2	73.619269	28.648808	41.847990	0.262303	0.852737	0.749424	1.699215	4.000000	93.893384	4.339152	5.000000	36.536952	3.640784	4.000000	0.032554	1.226703	5.000000	0.016286	2.639049	4.000000	57.193982	1.637921	1.000000	51.058225	6.025328	3.000000	0.039271	1.138856	5.000000	0.010766	0.102645	4.000000	0.011338
80	10	54.287746	52.692084	15.047330	0.164918	0.908669	0.101072	2.058146	5.000000	51.780398	1.667528	5.000000	21.106648	3.501420	3.000000	0.017685	5.084024	5.000000	0.011771	1.125723	6.000000	44.981659	0.192657	4.000000	39.168116	4.556903	3.000000	0.056147	0.328144	6.000000	0.015302	3.096133	1.000000	0.013988
81	1	11.336382	43.584377	44.881677	0.576812	0.363955	0.158773	1.591851	3.000000	51.686040	0.926694	2.000000	10.106352	1.142407	3.000000	0.025582	2.263081	5.000000	0.087469	4.652627	3.000000	26.536492	0.394370	3.000000	30.565135	3.748908	3.000000	0.317429	5.452254	2.000000	0.011464	0.228655	2.000000	0.587695
82	1	66.633433	2.276514	33.013224	0.247345	0.653395	0.850946	3.705565	2.000000	83.780550	4.886905	4.000000	90.667500	2.105267	5.000000	0.014203	4.638785	2.000000	0.011682	3.403911	3.000000	66.695129	0.648075	1.000000	3.666565	0.831899	5.000000	0.043233	2.052839	6.000000	0.021789	1.023885	2.000000	0.041005
83	1	34.774698	26.169181	53.886559	0.408462	0.603047	0.730056	4.770953	1.000000	81.210086	2.668510	3.000000	9.425589	1.440390	2.000000	0.060587	1.651455	1.000000	0.907677	5.843794	6.000000	76.411919	0.362374	4.000000	88.765076	0.843228	5.000000	0.010045	2.611380	3.000000	0.101996	2.623604	4.000000	0.017850
84	1	22.414274	29.776038	78.174797	0.928910	0.132898	0.838429	1.862323	1.000000	19.286692	0.453622	2.000000	10.008968	1.235152	4.000000	0.063417	0.563043	3.000000	0.027003	1.132443	1.000000	67.001317	0.239645	3.000000	35.042134	1.297461	5.000000	0.012389	1.174272	6.000000	0.018022	2.946302	3.000000	0.010444
85	10	62.010638	16.027437	67.493742	0.317452	0.853547	0.182009	5.581663	3.000000	4.959226	4.841195	6.000000	79.239034	3.560958	4.000000	0.013300	1.527219	4.000000	0.082856	3.755869	2.000000	52.023326	1.515842	5.000000	22.657623	2.806639	5.000000	0.559540	1.306947	1.000000	0.023024	2.639002	4.000000	0.010555
86	2	16.939711	5.708853	96.320940	0.199713	0.407800	0.387643	2.062269	1.000000	33.209234	0.926958	4.000000	73.799465	1.575006	5.000000	0.017930	4.085458	3.000000	0.016790	2.474319	4.000000	50.499601	3.513410	2.000000	52.190349	5.795838	3.000000	0.016055	3.280362	1.000000	0.012602	3.669413	3.000000	0.025408
87	1	61.593197	30.771659	94.180489	0.425295	0.492019	0.638758	2.886104	1.000000	88.730594	2.901355	2.000000	50.170360	1.663044	5.000000	0.012505	2.338970	3.000000	0.013109	3.134086	5.000000	41.859414	3.262700	1.000000	89.014349	3.371988	5.000000	0.075464	2.320299	5.000000	0.056859	3.303738	1.000000	0.021665
88	10	36.727939	21.866277	42.369009	0.365406	0.606882	0.966346	0.943549	1.000000	27.135490	3.407353	3.000000	58.052981	2.428737	4.000000	0.016612	2.635393	1.000000	0.016142	4.986956	1.000000	85.748107	1.253339	3.000000	55.103335	4.130603	4.000000	0.013763	6.153267	4.000000	0.112414	1.245638	1.000000	0.030263
89	2	14.046693	85.695258	41.865023	0.304097	0.180408	0.676863	4.826895	5.000000	3.674291	0.782377	4.000000	46.906962	0.420342	2.000000	0.043722	5.850875	3.000000	0.375104	5.331081	4.000000	94.280775	2.452600	3.000000	4.367621	4.995032	3.000000	0.011544	2.141151	4.000000	0.089949	0.752534	2.000000	0.018375
90	1	93.333710	8.047544	76.515378	0.110440	0.181708	0.936692	1.640465	1.000000	57.604022	4.225208	1.000000	71.385171	2.174899	1.000000	0.032856	2.578071	4.000000	0.015620	3.738526	3.000000	22.905498	2.459705	1.000000	37.759181	5.055188	5.000000	0.017752	5.804568	3.000000	0.012336	1.950571	1.000000	0.014152
91	1	25.420535	18.703116	16.761322	0.972565	0.683836	0.432504	0.253244	1.000000	62.672109	4.607169	2.000000	38.922342	2.705016	6.000000	0.037879	0.221236	5.000000	0.052909	4.027386	3.000000	69.569821	0.820321	4.000000	75.564874	4.600164	3.000000	0.012502	4.549613	1.000000	0.018489	1.226281	6.000000	0.049436
92	10	64.762845	49.070208	5.464030	0.800854	0.435003	0.626973	1.074916	1.000000	34.695586	5.605866	6.000000	90.168872	0.942656	3.000000	0.087756	4.157597	3.000000	0.013548	5.129282	2.000000	7.670710	2.003360	1.000000	90.721329	3.154388	2.000000	0.041359	4.105984	3.000000	0.016162	3.071996	4.000000	0.013370
93	1	2.968351	91.321520	68.505979	0.591420	0.495992	0.144297	3.332607	2.000000	81.339666	0.498449	5.000000	50.682150	0.775728	2.000000	0.041189	0.493544	3.000000	0.075456	5.646412	4.000000	77.460960	0.644441	3.000000	83.457296	3.443357	1.000000	0.011852	4.634735	5.000000	0.015081	1.899797	1.000000	0.015657
94	1	14.993828	47.002661	66.528548	0.311824	0.412666	0.893154	4.403318	5.000000	18.001006	4.462858	1.000000	47.930336	0.348240	1.000000	0.022021	2.381139	3.000000	0.012556	2.831770	3.000000	87.270288	3.181742	3.000000	88.090897	5.645196	3.000000	0.011343	5.520603	3.000000	0.011445	1.388668	2.000000	0.016840
95	2	21.252649	21.167641	79.347034	0.772871	0.709475	0.495603	6.007223	5.000000	26.214839	3.218605	6.000000	31.372036	1.211589	3.000000	0.011007	5.748307	2.000000	0.030747	3.702959	6.000000	1.146305	0.739490	1.000000	72.836461	0.364375	4.000000	0.010578	4.929635	4.000000	0.016987	0.378015	3.000000	0.247219
96	10	71.034551	67.656343	16.068550	0.190662	0.112922	0.181814	1.408240	3.000000	84.797501	4.712700	6.000000	58.705876	3.644275	6.000000	0.010923	5.751473	5.000000	0.013552	4.639651	3.000000	46.079429	2.183464	3.000000	86.968858	6.235870	4.000000	0.033740	5.575305	6.000000	0.015251	1.735654	3.000000	0.032115
97	2	19.894584	83.478707	83.634787	0.587763	0.761601	0.506846	4.699260	4.000000	58.200157	3.590199	1.000000	91.508409	1.007137	2.000000	0.157369	1.341906	1.000000	0.021933	2.640596	2.000000	85.417483	1.065230	4.000000	71.725886	1.980948	4.000000	0.011218	3.427800	6.000000	0.011558	0.932435	1.000000	0.024448
98	10	42.029602	32.606444	80.752751	0.634017	0.236142	0.426180	4.761552	3.000000	45.240383	0.840162	3.000000	22.956818	3.397234	2.000000	0.195733	1.170468	3.000000	0.010223	1.535073	4.000000	12.586796	0.593795	4.000000	36.509111	3.996891	3.000000	0.028221	5.249307	6.000000	0.017998	2.760618	3.000000	0.021547
99	10	30.261963	78.785223	65.848654	0.789068	0.556389	0.958061	0.773785	1.000000	17.473405	1.322664	5.000000	63.547777	1.878212	5.000000	0.012840	0.839422	5.000000	0.052965	5.408935	4.000000	68.801000	3.014789	4.000000	49.349355	2.697205	3.000000	0.013470	2.876538	3.000000	0.030675	1.849995	6.000000	0.164440
100	1	94.301174	75.304014	19.668792	0.300023	0.231007	0.876079	1.639026	3.000000	91.339217	1.506764	2.000000	21.657930	1.732937	3.000000	0.044638	0.288164	3.000000	0.777386	5.121324	1.000000	53.557068	1.901373	3.000000	36.426839	1.120781	1.000000	0.010028	5.429413	4.000000	0.018727	1.643152	6.000000	0.018423
