1	2	43.884842	35.921694	91.559532	0.916624	0.903184	0.536701	16.957131	6.000000	41.518688	7.942300	3.000000	0.374807	13.064327	3.000000	20.772748	0.984940	3.000000	0.012365	17.247537	2.000000	0.017195	3.705140	3.000000	0.022211	0.914530	2.000000	10.609212
2	2	11.550676	94.445535	84.109996	0.138907	0.710846	0.496849	14.494508	6.000000	79.016520	3.589923	3.000000	0.019170	12.119224	1.000000	38.129104	3.686003	2.000000	0.017218	8.874300	3.000000	0.017124	5.267389	1.000000	0.036895	1.711492	4.000000	10.719266
3	3	90.681581	73.684968	18.913756	0.627443	0.728515	0.809143	13.919579	3.000000	89.235998	16.300586	6.000000	0.011271	16.181910	6.000000	99.129587	1.261772	3.000000	0.017470	14.162741	5.000000	0.022563	9.161180	6.000000	0.070865	3.226940	4.000000	94.789790
4	2	93.425367	74.851692	88.781192	0.377697	0.595046	0.999029	7.165247	4.000000	54.210259	15.928840	3.000000	0.013227	10.847763	3.000000	54.033690	2.388766	6.000000	0.039385	6.837824	6.000000	0.010416	17.862399	5.000000	0.011379	3.021973	1.000000	19.995239
5	2	31.276309	60.217752	31.446752	0.419228	0.732008	0.402086	2.960309	2.000000	5.134716	12.799954	3.000000	0.013938	18.018292	4.000000	16.808027	4.497220	5.000000	0.023643	16.354647	1.000000	0.011189	9.077107	3.000000	0.063252	2.872269	1.000000	47.500325
6	1	34.620467	14.679290	4.045970	0.940859	0.613183	0.169328	5.027234	6.000000	29.865641	1.150812	4.000000	0.011506	1.427294	2.000000	48.762078	3.094815	6.000000	0.609848	5.343524	5.000000	0.010132	17.161213	3.000000	0.012017	0.466226	1.000000	44.874099
7	2	50.476081	60.824825	48.434700	0.743093	0.685991	0.527538	2.284729	6.000000	44.810866	2.553555	3.000000	0.035705	7.545109	4.000000	69.941299	4.408595	3.000000	0.087879	10.782541	6.000000	0.074580	1.915451	5.000000	0.026157	2.267987	5.000000	58.095499
8	2	12.807170	6.962430	78.882884	0.350726	0.253084	0.194418	6.919224	4.000000	5.937818	11.470165	4.000000	0.015275	2.613223	1.000000	16.584882	3.888493	3.000000	0.010019	2.150189	5.000000	0.012621	9.079942	3.000000	0.010211	0.897363	1.000000	80.148563
9	1	66.897331	78.000482	99.648999	0.877318	0.449617	0.916361	3.771807	2.000000	14.997428	16.484003	2.000000	0.024544	4.281580	3.000000	41.116649	1.863300	4.000000	0.042625	17.654232	6.000000	0.019423	7.450882	6.000000	0.019642	1.485536	4.000000	16.193483
10	2	96.054366	48.669874	72.642542	0.565466	0.703285	0.769621	8.298141	2.000000	80.854937	7.305785	5.000000	0.063259	15.344689	4.000000	4.099555	1.407855	6.000000	0.021756	10.700761	6.000000	0.016331	14.855268	6.000000	0.021645	1.709965	3.000000	19.608059
11	1	28.119852	12.936783	44.749132	0.994961	0.736800	0.123716	14.581302	2.000000	13.035322	9.289258	1.000000	0.013510	3.965553	4.000000	58.956263	1.032813	1.000000	0.016519	9.873347	5.000000	0.133096	11.124638	3.000000	0.017627	2.816081	6.000000	42.634229
12	2	81.229606	25.999924	52.103348	0.274247	0.263553	0.310226	12.281495	5.000000	71.718399	5.504701	2.000000	0.011105	6.050085	4.000000	31.156917	2.708386	3.000000	0.054484	5.258908	1.000000	0.012730	3.439277	1.000000	0.029738	0.164047	4.000000	92.890076
13	2	73.966602	68.709288	22.958612	0.653049	0.879907	0.702065	15.528140	5.000000	8.706365	8.501902	1.000000	0.047640	13.769129	4.000000	32.821429	0.444530	3.000000	0.013640	14.789102	6.000000	0.011266	8.141549	5.000000	0.310461	3.403340	5.000000	8.860873
14	2	16.594475	74.611541	25.356437	0.987498	0.541794	0.457617	6.895470	4.000000	98.945735	12.907252	4.000000	0.029347	3.129235	2.000000	64.026205	1.063782	2.000000	0.019762	8.325098	2.000000	0.035512	3.538968	3.000000	0.058542	1.241059	1.000000	64.965893
15	2	92.282736	10.419869	18.820591	0.849520	0.686044	0.683358	9.548227	1.000000	52.548210	11.199053	6.000000	0.019105	14.975193	4.000000	81.878160	1.759978	3.000000	0.018117	2.876229	1.000000	0.012175	12.931904	5.000000	0.018627	4.245210	6.000000	71.405647
16	1	56.563632	68.278696	30.829532	0.881872	0.133190	0.289160	13.499483	1.000000	77.000385	4.449010	4.000000	0.010803	8.632620	1.000000	65.315494	2.457352	1.000000	0.010714	4.646084	1.000000	0.020640	15.346856	2.000000	0.025627	3.303958	2.000000	64.384947
17	2	60.680864	16.940796	70.104938	0.546850	0.430214	0.687155	8.074906	6.000000	47.197350	12.352448	2.000000	0.010744	7.393498	6.000000	14.815736	0.430220	3.000000	0.027108	2.542234	2.000000	0.028989	4.760650	1.000000	0.012626	3.323930	4.000000	62.339273
18	2	19.521260	42.074442	67.513372	0.874884	0.745386	0.931359	15.949041	4.000000	31.844464	10.641890	5.000000	0.878287	9.530043	4.000000	37.907168	4.143754	2.000000	0.213346	2.811706	1.000000	0.011843	7.863050	1.000000	0.012699	1.523814	4.000000	31.724834
19	1	95.288823	12.212763	60.581191	0.463602	0.488258	0.439946	2.305076	5.000000	83.165285	5.685560	6.000000	0.029291	11.869910	2.000000	44.309658	1.539892	5.000000	0.034239	11.773383	4.000000	0.045250	17.439006	4.000000	0.013036	2.984506	4.000000	43.999278
20	2	68.404055	72.517996	67.013907	0.410602	0.565267	0.496101	16.857487	5.000000	36.280520	1.839670	1.000000	0.025659	3.050351	5.000000	7.797731	3.691819	5.000000	0.018514	5.729442	5.000000	0.036279	5.351848	4.000000	0.042033	2.365655	2.000000	39.375907
21	1	72.424709	65.961399	72.632367	0.155149	0.925377	0.723694	17.324426	1.000000	1.299197	0.331874	6.000000	0.012728	0.897638	1.000000	61.628573	2.919912	2.000000	0.029010	8.866612	3.000000	0.014085	1.972754	6.000000	0.010839	1.731640	2.000000	56.718595
22	1	85.131373	14.659281	50.132272	0.827885	0.264440	0.995805	3.231147	2.000000	92.508759	0.926784	3.000000	0.010705	11.326605	6.000000	95.508580	3.345641	5.000000	0.011971	11.852220	4.000000	0.019833	15.944965	4.000000	0.011852	0.240525	4.000000	96.138267
23	2	83.838209	24.890260	11.398343	0.345800	0.461216	0.781553	7.545602	6.000000	36.457182	6.090501	1.000000	0.010122	4.940171	2.000000	17.249742	0.680092	4.000000	0.013578	11.034229	2.000000	0.011037	2.283391	3.000000	0.041966	1.000151	1.000000	11.369986
24	1	69.903883	33.422128	52.634600	0.644597	0.858258	0.700587	7.425867	4.000000	11.285985	7.367084	1.000000	0.019949	1.760771	2.000000	30.496065	0.155270	5.000000	0.043166	17.321277	1.000000	0.027150	15.836367	5.000000	0.013928	2.166350	3.000000	7.743916
25	2	79.471434	13.609815	8.962404	0.859066	0.358738	0.189745	8.990123	4.000000	21.780606	13.838942	2.000000	0.015771	4.575580	2.000000	49.652201	0.708421	1.000000	0.077850	10.284028	1.000000	0.010952	9.387068	1.000000	0.011456	3.886860	3.000000	67.745025
26	2	96.906796	88.433189	63.848468	0.643739	0.820763	0.795799	16.270797	2.000000	62.788587	6.774602	3.000000	0.078246	16.279236	6.000000	80.278087	4.346978	1.000000	0.014053	3.212382	1.000000	0.027766	13.913529	3.000000	0.014944	4.238132	4.000000	70.756162
27	1	88.718841	76.673515	25.009880	0.379667	0.196936	0.526544	6.721682	5.000000	52.419733	7.511097	2.000000	0.011469	18.452751	6.000000	46.392574	3.904661	3.000000	0.252199	15.670699	4.000000	0.039138	2.766460	6.000000	0.048587	1.698873	6.000000	63.249102
28	2	48.721809	48.693183	69.578468	0.286691	0.249242	0.813830	13.253636	2.000000	81.825841	15.858801	4.000000	0.175563	15.517975	6.000000	46.223370	0.387338	4.000000	0.016457	16.077810	1.000000	0.507159	14.343745	4.000000	0.057331	0.449133	3.000000	85.756020
29	2	64.235838	99.287935	26.184701	0.214800	0.393331	0.173854	12.639491	2.000000	97.244040	1.001292	2.000000	0.013986	7.128479	2.000000	80.514390	3.943477	2.000000	0.016341	2.030244	6.000000	0.014988	9.704128	1.000000	0.035713	3.755960	1.000000	14.922924
30	2	15.185552	89.907842	47.800437	0.447814	0.960031	0.480166	1.771867	6.000000	80.183948	11.817217	3.000000	0.012643	16.392346	5.000000	93.887723	3.908770	6.000000	0.073457	6.414962	5.000000	0.066852	6.621719	2.000000	0.025792	3.403457	1.000000	55.768916
31	2	62.527631	49.377251	25.970507	0.388832	0.544711	0.647224	3.997938	1.000000	40.422751	10.377298	4.000000	0.018359	1.107512	5.000000	83.308189	0.559490	1.000000	0.055716	14.605145	6.000000	0.017788	14.214890	2.000000	0.015738	0.596035	6.000000	42.687725
32	2	69.113093	86.991451	49.622505	0.925231	0.820548	0.328941	14.739109	2.000000	22.270367	0.500056	4.000000	0.025606	15.805594	4.000000	5.754556	0.140352	3.000000	0.024026	0.320619	3.000000	0.011967	4.495310	2.000000	0.013736	2.482169	2.000000	80.324518
33	1	12.982780	43.574794	68.230468	0.977278	0.942142	0.127934	10.699380	6.000000	10.651954	17.126361	3.000000	0.013625	2.393444	1.000000	6.802625	2.415161	5.000000	0.057242	5.852168	3.000000	0.278925	14.273563	3.000000	0.011307	3.710482	4.000000	23.173814
34	2	41.508654	54.249767	21.885378	0.484153	0.600578	0.247328	13.780580	6.000000	94.878129	8.599662	1.000000	0.038068	1.775891	3.000000	88.056203	3.577138	3.000000	0.095824	6.799913	5.000000	0.017882	7.850550	5.000000	0.032613	1.246924	1.000000	88.704631
35	2	74.596608	47.305852	57.044863	0.732923	0.557157	0.803795	12.402859	1.000000	40.460740	8.941909	6.000000	0.010549	11.995025	3.000000	37.145700	4.361468	6.000000	0.013332	13.187479	3.000000	0.052802	9.499854	3.000000	0.070874	3.073390	6.000000	19.581697
36	1	76.227146	62.041831	1.753125	0.590934	0.621043	0.360183	4.269721	1.000000	9.029215	13.639637	4.000000	0.013529	1.128643	3.000000	82.832974	4.547476	1.000000	0.116644	13.702155	4.000000	0.012104	10.629155	2.000000	0.207907	3.190144	4.000000	88.726518
37	2	99.328445	35.538991	10.334532	0.663632	0.768493	0.723183	10.616639	5.000000	47.828500	6.576390	5.000000	0.017534	13.244198	4.000000	42.585933	0.804851	5.000000	0.010254	11.303707	2.000000	0.039061	14.338592	5.000000	0.034844	3.948076	2.000000	45.579668
38	1	58.743481	11.317437	83.071304	0.557315	0.194317	0.747146	5.581174	1.000000	83.104367	1.914181	6.000000	0.048702	14.376893	3.000000	27.122931	3.824641	6.000000	0.013858	14.632225	6.000000	0.017359	4.268779	3.000000	0.289208	1.586213	3.000000	27.897811
39	1	22.295300	71.271383	86.377656	0.569305	0.497125	0.934791	16.869240	6.000000	94.811660	2.740069	5.000000	0.011008	9.111133	6.000000	33.514135	4.182374	5.000000	0.011126	13.433485	4.000000	0.027365	6.072218	1.000000	0.017393	1.393056	3.000000	56.294914
40	2	63.897652	46.178294	49.344454	0.796591	0.516961	0.231829	12.090703	2.000000	31.082397	7.887915	5.000000	0.031463	9.288770	1.000000	1.517914	0.350474	6.000000	0.047117	7.151961	4.000000	0.017173	12.812033	4.000000	0.016155	0.865910	5.000000	29.102777
41	1	27.268547	98.107374	11.653701	0.371317	0.164291	0.290215	1.927471	4.000000	21.768586	15.945170	1.000000	0.076991	10.618258	2.000000	14.570613	4.418812	2.000000	0.019236	4.047492	4.000000	0.016330	10.602194	1.000000	0.095584	0.732731	2.000000	2.137619
42	3	26.286225	90.694373	55.777735	0.373571	0.652645	0.715404	14.346579	6.000000	34.781298	15.313526	6.000000	0.017790	17.474083	5.000000	43.590464	4.395647	4.000000	0.011205	0.234508	6.000000	0.015693	3.441343	6.000000	0.010901	0.580153	2.000000	59.765567
43	2	99.308988	35.219633	69.220366	0.401195	0.321053	0.496715	5.996505	5.000000	46.391233	16.656234	3.000000	0.042089	13.345975	1.000000	2.849431	1.475502	2.000000	0.013730	2.067183	4.000000	0.041971	3.872566	1.000000	0.010243	1.869479	3.000000	74.374868
44	2	62.673104	37.722218	58.938346	0.208236	0.741365	0.168438	6.265112	6.000000	56.573633	4.160661	1.000000	0.021799	1.381016	6.000000	78.965026	2.694067	6.000000	0.012063	16.388263	5.000000	0.020350	2.638091	2.000000	0.026160	1.873540	3.000000	31.779665
45	2	87.355698	38.726852	83.143106	0.314474	0.570643	0.233284	15.127754	3.000000	50.024671	18.293982	1.000000	0.010626	8.381864	2.000000	22.594244	0.689927	3.000000	0.031917	10.855185	3.000000	0.123596	17.210082	5.000000	0.013255	0.204211	3.000000	92.068378
46	1	95.296911	13.034183	62.507200	0.523786	0.708181	0.508059	17.869230	5.000000	30.592628	2.021696	4.000000	0.012286	5.827602	3.000000	75.192071	1.580446	6.000000	0.011937	7.970445	2.000000	0.010936	17.856494	5.000000	0.021160	0.955515	2.000000	9.050948
47	1	32.557144	98.869071	18.774903	0.654870	0.589821	0.399298	5.743065	1.000000	70.326440	17.419724	3.000000	0.976934	15.489138	4.000000	11.211160	3.804856	3.000000	0.028675	8.519659	1.000000	0.011552	4.145647	5.000000	0.014058	1.790425	2.000000	87.165631
48	2	37.206969	59.983979	42.638038	0.292120	0.765594	0.237168	6.446334	6.000000	11.274102	18.504213	5.000000	0.017434	2.709943	6.000000	80.473507	1.175655	2.000000	0.030158	17.731223	6.000000	0.023314	5.865102	4.000000	0.049455	4.485315	4.000000	96.712309
49	2	98.501701	75.454973	47.821597	0.270823	0.515434	0.592267	3.632906	4.000000	28.157739	6.465648	5.000000	0.010669	11.834668	4.000000	41.879052	0.438335	2.000000	0.066556	5.994530	3.000000	0.024192	17.886261	1.000000	0.017287	3.653440	5.000000	66.379196
50	2	97.619978	75.910406	73.121583	0.347854	0.724987	0.726319	9.473043	2.000000	94.961796	4.527090	5.000000	0.013777	5.685412	5.000000	28.884891	3.891385	3.000000	0.020647	13.533630	4.000000	0.012472	9.226096	2.000000	0.010065	2.235101	3.000000	75.758286
51	2	74.100981	45.959983	15.057357	0.829165	0.866528	0.648598	14.632371	5.000000	58.779960	6.256768	2.000000	0.018901	8.035247	6.000000	57.872975	2.774676	6.000000	0.014052	13.033921	1.000000	0.010134	6.630027	5.000000	0.019191	0.084901	4.000000	61.963645
52	1	55.769796	69.299053	59.945693	0.977606	0.980156	0.725022	13.154484	6.000000	38.101453	3.736615	6.000000	0.013637	16.368181	5.000000	72.503571	1.005947	1.000000	0.013946	4.008784	2.000000	0.042920	11.933636	6.000000	0.016574	1.965380	6.000000	99.975699
53	1	46.981150	56.428538	89.684143	0.700694	0.130050	0.749426	17.646262	6.000000	98.496946	3.342448	5.000000	0.083592	8.781337	2.000000	17.381184	0.269888	1.000000	0.013981	11.306449	5.000000	0.115914	3.181883	1.000000	0.016105	0.871231	2.000000	21.614724
54	1	87.147830	16.377921	19.593293	0.816868	0.467463	0.864082	7.161762	5.000000	16.234247	5.089781	1.000000	0.012334	9.951819	1.000000	59.704473	3.075745	1.000000	0.041221	10.180542	1.000000	0.010403	4.656850	6.000000	0.050646	3.866559	1.000000	65.272364
55	2	92.024943	81.753206	95.599540	0.959299	0.742311	0.330070	13.215955	1.000000	72.410207	17.612962	2.000000	0.025438	15.652229	6.000000	24.715835	4.527089	4.000000	0.024702	3.486413	4.000000	0.078860	2.487987	6.000000	0.010603	1.403526	3.000000	92.216220
56	2	49.490654	73.524410	32.265490	0.129649	0.467565	0.932001	14.195879	3.000000	9.345362	18.329771	1.000000	0.010662	8.534665	2.000000	22.681399	0.840935	6.000000	0.040372	5.655696	5.000000	0.022387	15.581776	2.000000	0.053393	0.364598	1.000000	68.726214
57	2	49.183829	62.308417	31.413762	0.583160	0.886856	0.492724	5.367052	4.000000	73.907316	3.426825	6.000000	0.023410	7.190418	3.000000	83.543452	3.541266	5.000000	0.077862	16.723223	3.000000	0.024762	13.785510	1.000000	0.123094	1.555896	6.000000	83.148471
58	2	62.374252	28.970768	37.922603	0.378631	0.559285	0.565114	12.635128	3.000000	70.269240	9.424203	6.000000	0.011626	15.397479	6.000000	14.391354	3.368243	6.000000	0.010148	8.215705	6.000000	0.014572	9.282157	6.000000	0.011460	0.356174	1.000000	81.509790
59	2	50.744361	63.992890	11.500266	0.699719	0.490186	0.397045	11.296917	2.000000	89.709064	4.155777	3.000000	0.014648	10.722921	6.000000	78.630775	4.437899	1.000000	0.010486	15.303330	1.000000	0.044689	13.196988	5.000000	0.010563	2.804608	6.000000	32.467501
60	2	81.330936	48.453382	56.594661	0.505605	0.537249	0.640876	8.465001	4.000000	4.725195	7.937041	4.000000	0.010197	12.081693	2.000000	91.804162	2.776082	3.000000	0.011596	7.153699	6.000000	0.018936	12.965168	4.000000	0.018062	3.928021	5.000000	69.252865
61	2	31.370552	41.469698	61.934181	0.812226	0.921777	0.775641	11.206316	4.000000	56.486987	9.073990	5.000000	0.014128	1.680670	4.000000	87.795491	3.063211	4.000000	0.010404	11.252814	1.000000	0.025209	4.248340	6.000000	0.021713	4.364376	3.000000	15.739456
62	2	74.758718	48.134460	20.213709	0.570898	0.579208	0.324330	17.790108	2.000000	57.723640	1.633931	1.000000	0.116771	13.347054	5.000000	99.792285	3.404080	4.000000	0.012819	1.091156	2.000000	0.027639	17.330510	6.000000	0.233461	3.132700	3.000000	71.244742
63	1	32.147434	73.409016	47.751019	0.135792	0.246174	0.474294	0.604856	4.000000	38.792969	17.048961	2.000000	0.022237	3.633964	5.000000	91.026717	0.266489	1.000000	0.011386	1.930765	1.000000	0.010251	5.520295	1.000000	0.012581	1.445885	4.000000	40.209385
64	1	69.256252	78.898370	8.144436	0.315242	0.499282	0.940871	5.168423	3.000000	18.591687	17.901742	2.000000	0.357746	4.062246	4.000000	37.883060	3.723495	6.000000	0.011537	9.485322	1.000000	0.026430	4.961175	2.000000	0.063129	2.393885	4.000000	83.412353
65	1	79.940448	16.013921	55.594623	0.753639	0.585564	0.385116	8.009979	4.000000	47.047802	4.589937	4.000000	0.013194	4.337762	1.000000	93.841903	1.991298	1.000000	0.013766	10.600207	2.000000	0.043714	0.644338	5.000000	0.017168	4.198366	5.000000	36.926739
66	1	91.155362	95.808532	17.322319	0.805812	0.936501	0.975080	1.413794	5.000000	42.021912	15.812770	4.000000	0.010904	8.984836	2.000000	30.461880	2.423529	3.000000	0.074410	9.125046	4.000000	0.073909	10.365225	6.000000	0.013687	4.502728	4.000000	8.108019
67	1	44.524683	64.455651	45.551277	0.989613	0.236397	0.675009	8.424501	2.000000	74.700713	18.042480	1.000000	0.553051	7.401336	5.000000	2.749098	4.548158	1.000000	0.011409	3.201681	2.000000	0.104932	18.505262	6.000000	0.014337	3.490782	3.000000	90.199908
68	2	55.556997	43.618229	45.959805	0.988408	0.921882	0.354548	13.589662	1.000000	42.262027	13.366250	4.000000	0.016563	14.504698	1.000000	33.625497	2.606810	5.000000	0.065936	0.311836	2.000000	0.010743	4.986837	2.000000	0.050612	3.748913	6.000000	65.828830
69	2	86.448485	46.144493	12.382850	0.990356	0.801980	0.801780	2.388635	6.000000	68.888178	11.622370	4.000000	0.025994	11.207982	5.000000	87.711393	4.354967	5.000000	0.015567	7.868704	1.000000	0.243793	12.232032	1.000000	0.013553	2.287241	2.000000	38.643266
70	1	71.819773	87.033088	25.854245	0.434753	0.672284	0.433520	12.752092	1.000000	53.931232	18.563364	6.000000	0.032742	5.203959	2.000000	49.699614	2.048771	4.000000	0.012899	16.533704	4.000000	0.011588	7.860432	4.000000	0.013922	2.686068	6.000000	47.805303
71	1	92.350883	49.575286	5.686370	0.734488	0.999073	0.413152	3.553357	5.000000	87.319663	0.315762	1.000000	0.023485	4.610541	2.000000	36.329741	0.889213	5.000000	0.011545	16.138864	3.000000	0.021300	13.287407	6.000000	0.010867	0.923204	1.000000	47.771545
72	2	39.126091	36.264673	8.733033	0.587919	0.616064	0.594716	16.600939	1.000000	59.767590	11.454501	4.000000	0.012824	10.275414	6.000000	21.071813	1.355956	3.000000	0.012094	3.737798	4.000000	0.053240	13.589687	6.000000	0.015307	2.509320	2.000000	43.967018
73	1	49.348975	69.144872	14.445811	0.371872	0.339810	0.498618	4.240464	3.000000	64.216092	12.530449	1.000000	0.010693	10.914096	1.000000	90.531329	1.578322	1.000000	0.021273	3.393399	2.000000	0.075010	3.875652	2.000000	0.017788	1.152847	3.000000	24.077802
74	1	8.600301	95.389402	39.294011	0.188231	0.249409	0.778854	10.624967	2.000000	35.623175	14.482328	6.000000	0.011112	1.783092	1.000000	85.211374	2.499550	4.000000	0.094770	13.622532	2.000000	0.054125	13.391281	1.000000	0.015872	0.894033	6.000000	91.355926
75	1	63.781446	38.695517	18.238597	0.869395	0.338017	0.798672	10.726752	2.000000	12.261916	5.782095	3.000000	0.041530	13.494879	1.000000	17.093490	2.448035	1.000000	0.012898	7.113775	5.000000	0.011003	11.369736	5.000000	0.020141	2.712326	1.000000	97.508535
76	1	89.185914	3.008830	66.120352	0.138419	0.764533	0.539006	4.405132	4.000000	62.761387	2.367845	4.000000	0.011336	8.208573	3.000000	62.694402	0.374385	2.000000	0.017335	2.865377	1.000000	0.027035	18.091167	6.000000	0.013547	2.551321	3.000000	45.742147
77	2	8.551712	35.937727	14.895631	0.702334	0.469737	0.151958	8.446000	4.000000	28.461073	16.197115	3.000000	0.053702	6.342265	5.000000	88.261919	2.842975	2.000000	0.028347	2.273654	5.000000	0.097887	6.720633	1.000000	0.014744	3.224283	4.000000	92.894246
78	2	28.434525	54.504517	43.493572	0.753028	0.324266	0.906840	8.892059	5.000000	39.954202	0.618532	5.000000	0.074166	4.921005	4.000000	8.190294	3.627964	6.000000	0.017365	6.727690	2.000000	0.019305	17.286823	6.000000	0.126244	2.138132	6.000000	64.140089
79	2	70.173951	75.997702	82.355005	0.141912	0.318779	0.303287	3.315523	1.000000	91.540262	9.595135	6.000000	0.019926	7.064105	3.000000	30.561492	2.223661	5.000000	0.012293	6.399283	6.000000	0.143024	4.591388	5.000000	0.036189	1.101374	3.000000	27.915324
80	2	35.433307	61.621403	36.501009	0.771462	0.515006	0.924687	15.084800	1.000000	59.106085	17.014198	5.000000	0.010019	14.248587	6.000000	74.051169	2.878519	1.000000	0.011738	11.892219	3.000000	0.056702	1.619522	6.000000	0.089781	3.673211	5.000000	21.577792
81	2	35.140703	52.548500	28.931374	0.453277	0.387613	0.608977	1.933945	1.000000	39.805371	14.066878	2.000000	0.012101	3.856260	5.000000	46.175570	1.143393	5.000000	0.012094	5.088994	6.000000	0.020001	14.180824	2.000000	0.049893	1.691766	1.000000	48.663226
82	2	89.770010	85.426547	62.887630	0.795311	0.262689	0.301633	12.250335	6.000000	96.491194	9.605635	3.000000	0.018065	4.550914	3.000000	12.551009	4.122899	5.000000	0.012642	1.338373	2.000000	0.043002	17.486672	2.000000	0.031949	4.148514	5.000000	43.229136
83	2	11.075058	17.715670	9.984269	0.967578	0.969200	0.630597	11.575189	1.000000	81.575503	17.898187	3.000000	0.014531	18.473129	1.000000	65.302433	3.432847	3.000000	0.010299	15.424537	2.000000	0.011829	18.049203	6.000000	0.020807	1.081164	5.000000	52.777965
84	2	45.110501	6.592224	86.931802	0.461215	0.476265	0.530877	7.311123	1.000000	77.014804	4.216406	1.000000	0.017619	3.810844	2.000000	58.737890	3.641026	5.000000	0.023873	17.740142	5.000000	0.014252	4.108494	4.000000	0.063059	1.997377	5.000000	71.572577
85	2	57.737868	22.519944	85.007833	0.210833	0.707285	0.463424	13.536091	5.000000	24.427884	16.860731	6.000000	0.014221	3.564692	6.000000	1.928407	3.235680	2.000000	0.014369	6.446830	2.000000	0.010497	3.621368	1.000000	0.013540	2.439797	1.000000	17.132977
86	1	98.977943	85.978136	36.294337	0.615628	0.255763	0.649146	14.274480	1.000000	76.477650	14.124688	2.000000	0.015980	15.092197	2.000000	48.257077	1.221108	1.000000	0.046257	2.603929	4.000000	0.013038	13.596493	2.000000	0.037922	4.320884	6.000000	83.036084
87	2	6.244683	14.006153	80.588194	0.457894	0.756247	0.889012	6.909293	4.000000	31.129749	12.703408	3.000000	0.030844	1.313517	1.000000	47.186788	1.452442	1.000000	0.050162	0.971252	6.000000	0.072356	2.175448	5.000000	0.139947	1.744464	4.000000	10.640350
88	2	51.969305	74.265106	67.698062	0.343726	0.987065	0.348102	10.689086	2.000000	13.050096	6.050685	6.000000	0.046356	4.999704	3.000000	8.666137	2.014711	5.000000	0.020283	16.554321	4.000000	0.025170	8.864826	1.000000	0.013926	0.269251	5.000000	39.000108
89	1	75.608192	71.134291	20.980849	0.348800	0.299871	0.491437	5.314312	5.000000	64.523695	6.138481	1.000000	0.012932	2.367668	6.000000	27.636453	0.736614	2.000000	0.019859	4.688045	1.000000	0.026904	0.341141	3.000000	0.011723	3.772188	3.000000	19.233296
90	2	9.762859	65.144923	1.724956	0.297235	0.961837	0.443787	4.617251	6.000000	10.149117	16.088142	6.000000	0.057884	14.498181	6.000000	94.774886	2.485167	4.000000	0.020668	0.368431	1.000000	0.036172	0.665468	2.000000	0.024179	1.701147	4.000000	3.276850
91	1	50.485202	69.310675	69.608311	0.324384	0.405467	0.462402	13.900609	2.000000	12.865801	13.479937	2.000000	0.012605	10.604061	4.000000	82.958254	1.767177	5.000000	0.219836	10.406690	4.000000	0.015483	7.004285	4.000000	0.013046	2.041147	3.000000	4.433421
92	1	63.811634	95.795001	23.916051	0.510588	0.694376	0.756255	12.293525	3.000000	4.592096	9.182670	6.000000	0.013965	8.521405	4.000000	7.376541	2.965102	2.000000	0.010151	5.890637	2.000000	0.023804	6.624963	1.000000	0.045497	4.167761	3.000000	66.017252
93	2	74.679868	65.842068	80.369985	0.879534	0.775833	0.336743	10.445300	1.000000	75.430089	8.597423	5.000000	0.016497	7.420144	4.000000	47.418773	4.221273	3.000000	0.014593	8.994364	6.000000	0.029732	11.330188	1.000000	0.015196	3.930075	2.000000	37.937109
94	1	71.022978	42.673529	42.049251	0.118747	0.680841	0.709802	9.741508	1.000000	40.066697	18.517217	3.000000	0.040537	13.541384	3.000000	34.203645	0.445885	4.000000	0.027074	8.085418	5.000000	0.051397	3.738845	3.000000	0.011312	3.466050	1.000000	59.650992
95	2	8.070052	32.008939	42.509540	0.610168	0.974423	0.937132	6.351470	6.000000	47.293936	7.347812	5.000000	0.015331	3.605998	6.000000	88.290036	0.886592	6.000000	0.017691	11.497387	3.000000	0.012003	0.724123	1.000000	0.013948	0.461184	6.000000	76.087147
96	1	90.068733	77.204814	46.740806	0.226645	0.635156	0.449648	4.125570	6.000000	59.339974	17.699609	2.000000	0.012072	0.392113	2.000000	43.656062	3.406266	3.000000	0.027588	0.331543	2.000000	0.032779	11.530923	2.000000	0.035080	1.590927	2.000000	59.535142
97	1	33.085229	3.869531	3.225244	0.600841	0.264601	0.825979	2.895070	2.000000	45.991443	12.565714	5.000000	0.013420	3.472316	4.000000	72.118499	2.603160	5.000000	0.034213	4.109946	3.000000	0.104615	2.187194	2.000000	0.040576	3.591406	3.000000	82.066733
98	1	74.892904	91.418924	17.163607	0.151358	0.117438	0.889169	5.991037	1.000000	55.142634	2.103877	2.000000	0.033392	8.562793	4.000000	24.316784	2.106899	1.000000	0.012119	9.942706	5.000000	0.019453	5.023843	6.000000	0.012685	0.243081	2.000000	79.070615
99	1	96.674206	55.762065	2.759900	0.129316	0.273941	0.547589	16.579557	2.000000	59.650245	15.733496	6.000000	0.020273	16.519015	3.000000	42.675592	3.832821	1.000000	0.010639	16.211996	2.000000	0.012060	3.863705	4.000000	0.010475	3.357530	6.000000	26.419144
100	2	28.883153	77.338054	36.281628	0.632930	0.932481	0.503132	1.168362	5.000000	65.192286	7.376251	5.000000	0.015020	11.115109	5.000000	74.932161	2.116562	2.000000	0.031688	8.989184	6.000000	0.060938	2.120282	2.000000	0.010367	3.655614	5.000000	12.707897
